 DATA SET FOR "multall" . GENERATED BY "stagen" .                       
    CP   and   GAMMA 
 1004.5001    1.4000
       ITIMST 
         3
     CFL,    DAMP,    MACHLIM,    F_PDOWN 
  0.400000 10.000000  2.000000  0.000000
  IF_RESTART 
         0
  NSTEPS_MAX, CONLIM 
      9000  0.001000
   SFX,      SFT,      FAC_4TH,     NCHANGE 
  0.005000  0.005000  0.800000      1000
       NUMBER OF BLADE ROWS 
         2
        IM        KM 
        30        30
  FP(I),I=1,IMM1 
  1.000000  1.250000  1.562500  1.953125  2.441406  3.051758  3.814697  4.768372
  5.960464  7.450581  9.313226 11.641532 14.551915 18.189894 20.000000 18.189894
 14.551915 11.641532  9.313226  7.450581  5.960464  4.768372  3.814697  3.051758
  2.441406  1.953125  1.562500  1.250000  1.000000
  FR(K),K=1,KMM1 
  1.000000  1.250000  1.562500  1.953125  2.441406  3.051758  3.814697  4.768372
  5.960464  7.450581  9.313226 11.641532 14.551915 18.189894 20.000000 18.189894
 14.551915 11.641532  9.313226  7.450581  5.960464  4.768372  3.814697  3.051758
  2.441406  1.953125  1.562500  1.250000  1.000000
        IR        JR        KR        IRBB      JRBB      KRBB 
         3         3         3         9         9         9
   FBLK1,     FBLK2,     FBLK3  
  0.400000  0.200000  0.100000
       IFMIX 
         1
   RFMIX,    FEXTRAP,   FSMTHB,    FANGLE 
  0.025000  0.800000  1.000000  0.800000
      IFCOOL    IFBLEED    IF_ROUGH 
         0         0         0
       NSECS_IN 
         3
       IN_PRESS  IN_VTAN   IN_VR    IN_FLOW  IF_REPEAT  RFIN 
         0         0         1         0         0   0.50000
  IPOUT  SFEXIT  NSFEXIT 
    1  0.000000    0
  PLATE_LOSS  THROTTLE_EXIT 
  0.000000  0.000000
        ILOS      NLOS      IBOUND 
        10         5         0
   REYNO,     RF_VIS,   FTRANS, TURBVIS_LIM, PRANDTL, YPLUSWALL
  800000.0     0.500     0.000  3000.000       1.0     0.000
   YPLAM      YPTURB 
  5.000000 25.000000
      ISHIFT    NEXTRAP_LE  NEXTRAP_TE 
         2        10        10
  (NSTG(N),N=1,NROWS) 
         1         1
  5  TIME STEPS FOR PRINTOUT 
      9000      9000      9000      9000      9000
  MARKER FOR VARIABLES TO BE SENT TO THE OUTPUT FILE.
 0 0 0 0 0 0 0 0 0 0 0 0 0 0 0 0 0 0 0 0
  STREAM SURFACES ON WHICH RESULTS ARE TO BE SENT TO   THE OUTPUT FILE 
 0 0 0 0 0 0 0 0 0 0 0 0 0 0 0 0 0 0 0 0 0 0 0 0 0 0 0 0 0 0
 ***************************************************************
 ************STARTING THE INPUT FOR EACH BLADE ROW**************
  BLADE ROW NUMBER =        1                                           
    NUMBER OF BLADES IN ROW 
        16
        JM        JLE       JTE 
       111        26        96
      KTIPSTART  KTIPEND 
         0         0
       BOUNDARY LAYER TRANSITION POINTS 
         0         0         0         0
  SET NEWGRID= 1 TO GENERATE A NEW GRID WITH DIFFERENT "J" POINTS AND SPACINGS.
         0
   RPMROW,    RPMHUB 
    5000.0    5000.0
       JROTHS    JROTHE    JROTTS    JROTTE 
         1         1         1         1
   PUPROW    PLEROW   PTEROW    PDROW 
   31394.5   31394.5   43236.7   43236.7
      NSECS_ROW   INSURF  
         3         0
  IF_CUSP_OUT   IFANGLES 
         1         0
         0         3         0
 ***************************************************************
  ROW NUMBER           1  SECTION NUMBER            1
           0           0           0  IF_DESIGN etc 
   1.00000   0.00000    0
 -0.110414 -0.097775 -0.086507 -0.076462 -0.067508 -0.059525 -0.052409 -0.046065
 -0.040410 -0.035369 -0.030875 -0.026868 -0.023296 -0.020112 -0.017273 -0.014742
 -0.012486 -0.010475 -0.008681 -0.007082 -0.005657 -0.004386 -0.003253 -0.002243
 -0.001342 -0.000539  0.000260  0.001095  0.001970  0.002888  0.003852  0.004866
  0.005933  0.007056  0.008240  0.009486  0.010799  0.012181  0.013637  0.015168
  0.016779  0.018470  0.020243  0.022104  0.024058  0.026110  0.028265  0.030529
  0.032907  0.035405  0.038034  0.040802  0.043721  0.046802  0.050084  0.053612
  0.057391  0.061418  0.065683  0.070170  0.074855  0.079663  0.084517  0.089390
  0.094263  0.099117  0.103942  0.108731  0.113517  0.118321  0.123140  0.127967
  0.132794  0.137609  0.142399  0.147122  0.151752  0.156274  0.160680  0.164961
  0.169113  0.173131  0.177032  0.180818  0.184489  0.188046  0.191488  0.194816
  0.198028  0.201126  0.204109  0.206977  0.209729  0.212367  0.214889  0.217295
  0.219705  0.222253  0.224947  0.227795  0.230806  0.233990  0.237355  0.240914
  0.244676  0.248653  0.252859  0.257305  0.262005  0.266974  0.272227
  1.000000  0.000000
  0.083404  0.075684  0.068808  0.062681  0.057220  0.052352  0.048011  0.044140
  0.040688  0.037609  0.034862  0.032412  0.030227  0.028278  0.026539  0.024989
  0.023606  0.022372  0.021272  0.020290  0.019415  0.018635  0.017938  0.017318
  0.016764  0.016270  0.017694  0.017878  0.017905  0.017813  0.017598  0.017270
  0.016875  0.016456  0.016015  0.015554  0.015072  0.014570  0.014049  0.013509
  0.012952  0.012380  0.011794  0.011195  0.010585  0.009965  0.009334  0.008695
  0.008050  0.007402  0.006752  0.006101  0.005453  0.004811  0.004172  0.003538
  0.002922  0.002325  0.001767  0.001263  0.000827  0.000474  0.000213  0.000046
 -0.000020  0.000000  0.000110  0.000308  0.000593  0.000969  0.001435  0.001991
  0.002635  0.003366  0.004178  0.005063  0.006010  0.007016  0.008063  0.009148
  0.010263  0.011400  0.012560  0.013736  0.014925  0.016123  0.017323  0.018522
  0.019717  0.020902  0.022074  0.023229  0.024365  0.025476  0.026542  0.026317
  0.027607  0.028971  0.030413  0.031937  0.033549  0.035253  0.037055  0.038959
  0.040972  0.043098  0.045345  0.047720  0.050229  0.052882  0.055688
  1.000000
  0.000000  0.000000  0.000000  0.000000  0.000000  0.000000  0.000000  0.000000
  0.000000  0.000000  0.000000  0.000000  0.000000  0.000000  0.000000  0.000000
  0.000000  0.000000  0.000000  0.000000  0.000000  0.000000  0.000000  0.000000
  0.000000  0.000000  0.003677  0.004872  0.005707  0.006367  0.006908  0.007350
  0.007741  0.008125  0.008507  0.008886  0.009264  0.009641  0.010016  0.010390
  0.010763  0.011138  0.011504  0.011867  0.012227  0.012583  0.012933  0.013276
  0.013611  0.013939  0.014257  0.014564  0.014859  0.015140  0.015406  0.015665
  0.015899  0.016101  0.016270  0.016402  0.016489  0.016529  0.016521  0.016466
  0.016380  0.016235  0.016050  0.015826  0.015565  0.015266  0.014929  0.014556
  0.014149  0.013710  0.013240  0.012746  0.012233  0.011710  0.011169  0.010626
  0.010072  0.009516  0.008958  0.008399  0.007841  0.007285  0.006734  0.006189
  0.005651  0.005122  0.004602  0.004094  0.003598  0.003115  0.002628  0.000001
  0.000000  0.000000  0.000000  0.000000  0.000000  0.000000  0.000000  0.000000
  0.000000  0.000000  0.000000  0.000000  0.000000  0.000000  0.000000
  1.000000  0.000000
  0.243341  0.243600  0.243879  0.244167  0.244457  0.244744  0.245022  0.245289
  0.245542  0.245780  0.246003  0.246209  0.246400  0.246575  0.246735  0.246882
  0.247015  0.247136  0.247246  0.247345  0.247435  0.247515  0.247588  0.247653
  0.247712  0.247765  0.247858  0.247957  0.248060  0.248170  0.248286  0.248409
  0.248539  0.248677  0.248824  0.248981  0.249147  0.249323  0.249511  0.249711
  0.249922  0.250147  0.250385  0.250638  0.250906  0.251190  0.251492  0.251812
  0.252153  0.252514  0.252899  0.253308  0.253744  0.254209  0.254710  0.255253
  0.255841  0.256473  0.257148  0.257864  0.258616  0.259392  0.260178  0.260970
  0.261761  0.262549  0.263329  0.264101  0.264867  0.265631  0.266390  0.267142
  0.267885  0.268615  0.269329  0.270021  0.270686  0.271321  0.271926  0.272499
  0.273041  0.273551  0.274033  0.274486  0.274912  0.275312  0.275686  0.276035
  0.276360  0.276662  0.276941  0.277199  0.277437  0.277656  0.277857  0.278040
  0.278193  0.278351  0.278512  0.278676  0.278844  0.279013  0.279184  0.279355
  0.279525  0.279686  0.279844  0.279999  0.280151  0.280300  0.280464
 ***************************************************************
  ROW NUMBER           1  SECTION NUMBER            2
           0           0           0  IF_DESIGN etc 
   1.00000   0.00000    0
 -0.109510 -0.096993 -0.085833 -0.075882 -0.067010 -0.059100 -0.052047 -0.045758
 -0.040152 -0.035153 -0.030696 -0.026722 -0.023178 -0.020019 -0.017203 -0.014691
 -0.012452 -0.010456 -0.008676 -0.007089 -0.005673 -0.004412 -0.003287 -0.002284
 -0.001390 -0.000592  0.000205  0.001039  0.001912  0.002828  0.003791  0.004804
  0.005869  0.006991  0.008173  0.009418  0.010729  0.012111  0.013565  0.015096
  0.016706  0.018396  0.020169  0.022030  0.023984  0.026035  0.028191  0.030456
  0.032835  0.035335  0.037966  0.040737  0.043659  0.046745  0.050030  0.053564
  0.057349  0.061384  0.065657  0.070152  0.074848  0.079666  0.084530  0.089415
  0.094298  0.099163  0.103999  0.108798  0.113593  0.118406  0.123233  0.128067
  0.132900  0.137721  0.142516  0.147242  0.151873  0.156395  0.160800  0.165079
  0.169227  0.173240  0.177134  0.180913  0.184576  0.188123  0.191555  0.194872
  0.198072  0.201158  0.204127  0.206981  0.209720  0.212343  0.214851  0.217243
  0.219635  0.222163  0.224836  0.227662  0.230649  0.233806  0.237144  0.240673
  0.244403  0.248346  0.252514  0.256921  0.261579  0.266503  0.271708
  1.000000  0.000000
  0.187688  0.173935  0.161673  0.150740  0.140991  0.132300  0.124551  0.117641
  0.111481  0.105988  0.101091  0.096725  0.092832  0.089361  0.086266  0.083507
  0.081046  0.078853  0.076897  0.075153  0.073598  0.072212  0.070976  0.069874
  0.068892  0.068016  0.069322  0.069184  0.068847  0.068376  0.067765  0.067009
  0.066127  0.065177  0.064175  0.063118  0.062006  0.060837  0.059611  0.058325
  0.056979  0.055575  0.054111  0.052587  0.050999  0.049346  0.047626  0.045837
  0.043978  0.042048  0.040041  0.037954  0.035784  0.033527  0.031158  0.028650
  0.026011  0.023250  0.020384  0.017436  0.014429  0.011419  0.008458  0.005560
  0.002738  0.000000 -0.002649 -0.005209 -0.007696 -0.010116 -0.012476 -0.014770
 -0.016992 -0.019140 -0.021208 -0.023180 -0.025048 -0.026813 -0.028475 -0.030036
 -0.031499 -0.032865 -0.034149 -0.035354 -0.036483 -0.037541 -0.038530 -0.039454
 -0.040317 -0.041121 -0.041869 -0.042565 -0.043211 -0.043810 -0.044364 -0.046052
 -0.046302 -0.046565 -0.046843 -0.047137 -0.047448 -0.047777 -0.048125 -0.048492
 -0.048880 -0.049291 -0.049725 -0.050183 -0.050668 -0.051181 -0.051723
  1.000000
  0.000000  0.000000  0.000000  0.000000  0.000000  0.000000  0.000000  0.000000
  0.000000  0.000000  0.000000  0.000000  0.000000  0.000000  0.000000  0.000000
  0.000000  0.000000  0.000000  0.000000  0.000000  0.000000  0.000000  0.000000
  0.000000  0.000000  0.004146  0.005405  0.006297  0.007045  0.007685  0.008218
  0.008670  0.009099  0.009526  0.009950  0.010373  0.010794  0.011214  0.011633
  0.012050  0.012463  0.012874  0.013280  0.013682  0.014085  0.014476  0.014861
  0.015237  0.015604  0.015960  0.016304  0.016635  0.016953  0.017251  0.017532
  0.017790  0.018018  0.018209  0.018357  0.018456  0.018502  0.018494  0.018433
  0.018321  0.018161  0.017955  0.017706  0.017421  0.017091  0.016714  0.016297
  0.015842  0.015350  0.014824  0.014272  0.013697  0.013106  0.012501  0.011887
  0.011273  0.010653  0.010028  0.009402  0.008778  0.008157  0.007540  0.006930
  0.006329  0.005737  0.005156  0.004587  0.004032  0.003493  0.002968  0.000001
  0.000000  0.000000  0.000000  0.000000  0.000000  0.000000  0.000000  0.000000
  0.000000  0.000000  0.000000  0.000000  0.000000  0.000000  0.000000
  1.000000  0.000000
  0.425075  0.425075  0.425075  0.425075  0.425075  0.425075  0.425075  0.425075
  0.425075  0.425075  0.425075  0.425075  0.425075  0.425075  0.425075  0.425075
  0.425075  0.425075  0.425075  0.425075  0.425075  0.425075  0.425075  0.425075
  0.425075  0.425075  0.425075  0.425075  0.425075  0.425075  0.425075  0.425075
  0.425075  0.425075  0.425075  0.425075  0.425075  0.425075  0.425075  0.425075
  0.425075  0.425075  0.425075  0.425075  0.425075  0.425075  0.425075  0.425075
  0.425075  0.425075  0.425075  0.425075  0.425075  0.425075  0.425075  0.425075
  0.425075  0.425075  0.425075  0.425075  0.425075  0.425075  0.425075  0.425075
  0.425075  0.425075  0.425075  0.425075  0.425075  0.425075  0.425075  0.425075
  0.425075  0.425075  0.425075  0.425075  0.425075  0.425075  0.425075  0.425075
  0.425075  0.425075  0.425075  0.425075  0.425075  0.425075  0.425075  0.425075
  0.425075  0.425075  0.425075  0.425075  0.425075  0.425075  0.425075  0.425075
  0.425075  0.425075  0.425075  0.425075  0.425075  0.425075  0.425075  0.425075
  0.425075  0.425075  0.425075  0.425075  0.425075  0.425075  0.425075
 ***************************************************************
  ROW NUMBER           1  SECTION NUMBER            3
           0           0           0  IF_DESIGN etc 
   1.00000   0.00000    0
 -0.110414 -0.097775 -0.086507 -0.076462 -0.067507 -0.059525 -0.052409 -0.046065
 -0.040410 -0.035369 -0.030874 -0.026868 -0.023296 -0.020112 -0.017273 -0.014742
 -0.012486 -0.010474 -0.008681 -0.007082 -0.005657 -0.004386 -0.003253 -0.002242
 -0.001342 -0.000539  0.000260  0.001095  0.001970  0.002888  0.003852  0.004866
  0.005933  0.007057  0.008240  0.009486  0.010799  0.012181  0.013637  0.015169
  0.016780  0.018470  0.020243  0.022105  0.024058  0.026110  0.028265  0.030529
  0.032907  0.035405  0.038034  0.040802  0.043721  0.046803  0.050084  0.053612
  0.057391  0.061418  0.065683  0.070170  0.074855  0.079663  0.084517  0.089391
  0.094263  0.099117  0.103942  0.108732  0.113518  0.118322  0.123140  0.127967
  0.132794  0.137609  0.142400  0.147123  0.151752  0.156274  0.160680  0.164962
  0.169113  0.173132  0.177032  0.180818  0.184489  0.188046  0.191488  0.194816
  0.198029  0.201126  0.204109  0.206977  0.209729  0.212367  0.214889  0.217295
  0.219705  0.222253  0.224947  0.227795  0.230807  0.233990  0.237356  0.240914
  0.244676  0.248654  0.252859  0.257305  0.262005  0.266975  0.272227
  1.000000  0.000000
  0.269846  0.251219  0.234598  0.219771  0.206545  0.194749  0.184229  0.174849
  0.166484  0.159025  0.152375  0.146446  0.141160  0.136446  0.132244  0.128498
  0.125158  0.122180  0.119525  0.117158  0.115048  0.113166  0.111489  0.109993
  0.108660  0.107471  0.108975  0.108685  0.108139  0.107420  0.106538  0.105472
  0.104233  0.102878  0.101443  0.099927  0.098328  0.096642  0.094867  0.093000
  0.091040  0.088987  0.086839  0.084591  0.082240  0.079781  0.077209  0.074520
  0.071712  0.068779  0.065711  0.062502  0.059141  0.055620  0.051901  0.047935
  0.043726  0.039286  0.034632  0.029795  0.024808  0.019757  0.014726  0.009743
  0.004829  0.000000 -0.004735 -0.009370 -0.013938 -0.018458 -0.022922 -0.027333
 -0.031679 -0.035951 -0.040138 -0.044206 -0.048135 -0.051919 -0.055553 -0.059036
 -0.062369 -0.065552 -0.068603 -0.071528 -0.074327 -0.077010 -0.079576 -0.082030
 -0.084373 -0.086609 -0.088739 -0.090768 -0.092697 -0.094528 -0.096263 -0.098990
 -0.100317 -0.101720 -0.103203 -0.104772 -0.106431 -0.108186 -0.110042 -0.112005
 -0.114081 -0.116280 -0.118605 -0.121066 -0.123668 -0.126422 -0.129330
  1.000000
  0.000000  0.000000  0.000000  0.000000  0.000000  0.000000  0.000000  0.000000
  0.000000  0.000000  0.000000  0.000000  0.000000  0.000000  0.000000  0.000000
  0.000000  0.000000  0.000000  0.000000  0.000000  0.000000  0.000000  0.000000
  0.000000  0.000000  0.005084  0.006583  0.007658  0.008580  0.009391  0.010076
  0.010656  0.011186  0.011711  0.012232  0.012751  0.013269  0.013785  0.014299
  0.014812  0.015320  0.015824  0.016324  0.016818  0.017306  0.017787  0.018259
  0.018722  0.019173  0.019611  0.020034  0.020440  0.020827  0.021194  0.021540
  0.021857  0.022137  0.022372  0.022554  0.022677  0.022734  0.022724  0.022649
  0.022512  0.022315  0.022062  0.021756  0.021398  0.020990  0.020536  0.020024
  0.019464  0.018860  0.018214  0.017534  0.016828  0.016101  0.015357  0.014603
  0.013841  0.013077  0.012309  0.011541  0.010776  0.010015  0.009257  0.008507
  0.007768  0.007040  0.006325  0.005627  0.004945  0.004281  0.003573  0.000001
  0.000001  0.000000  0.000000  0.000000  0.000000  0.000000  0.000000  0.000000
  0.000000  0.000000  0.000000  0.000000  0.000000  0.000000  0.000000
  1.000000  0.000000
  0.606808  0.606549  0.606271  0.605982  0.605692  0.605406  0.605127  0.604860
  0.604607  0.604369  0.604147  0.603941  0.603750  0.603575  0.603415  0.603268
  0.603135  0.603014  0.602904  0.602805  0.602715  0.602635  0.602562  0.602497
  0.602438  0.602385  0.602292  0.602194  0.602090  0.601980  0.601865  0.601742
  0.601611  0.601473  0.601326  0.601169  0.601003  0.600827  0.600639  0.600440
  0.600228  0.600003  0.599765  0.599513  0.599245  0.598960  0.598658  0.598338
  0.597997  0.597636  0.597251  0.596842  0.596406  0.595941  0.595440  0.594897
  0.594309  0.593677  0.593002  0.592286  0.591534  0.590758  0.589972  0.589181
  0.588389  0.587602  0.586821  0.586049  0.585283  0.584519  0.583760  0.583008
  0.582265  0.581535  0.580821  0.580129  0.579465  0.578829  0.578224  0.577651
  0.577109  0.576599  0.576117  0.575664  0.575238  0.574838  0.574464  0.574115
  0.573790  0.573489  0.573209  0.572951  0.572713  0.572494  0.572293  0.572110
  0.571957  0.571799  0.571638  0.571474  0.571306  0.571137  0.570966  0.570795
  0.570625  0.570464  0.570306  0.570151  0.569999  0.569850  0.569686
 ***************************************************************
 ************STARTING THE INPUT FOR EACH BLADE ROW**************
  BLADE ROW NUMBER =        2                                           
    NUMBER OF BLADES IN ROW 
        26
        JM        JLE       JTE 
       111        21        91
      KTIPSTART  KTIPEND 
         0         0
       BOUNDARY LAYER TRANSITION POINTS 
         0         0         0         0
  SET NEWGRID= 1 TO GENERATE A NEW GRID WITH DIFFERENT "J" POINTS AND SPACINGS.
         0
   RPMROW,    RPMHUB 
       0.0       0.0
       JROTHS    JROTHE    JROTTS    JROTTE 
         1         1         1         1
   PUPROW    PLEROW   PTEROW    PDROW 
   43236.7   43236.7   51881.6   51881.6
      NSECS_ROW   INSURF  
         3         0
  IF_CUSP_OUT   IFANGLES 
         1         0
         0         3         0
 ***************************************************************
  ROW NUMBER           2  SECTION NUMBER            1
           0           0           0  IF_DESIGN etc 
   1.00000   0.00000    0
  0.225548  0.230876  0.235653  0.239936  0.243778  0.247222  0.250310  0.253079
  0.255562  0.257788  0.259784  0.261574  0.263178  0.264617  0.265907  0.267063
  0.268100  0.269029  0.269863  0.270610  0.271280  0.271949  0.272649  0.273382
  0.274151  0.274959  0.275809  0.276703  0.277645  0.278637  0.279682  0.280782
  0.281941  0.283161  0.284446  0.285797  0.287214  0.288701  0.290262  0.291901
  0.293622  0.295430  0.297330  0.299324  0.301421  0.303626  0.305949  0.308399
  0.310986  0.313740  0.316701  0.319874  0.323254  0.326835  0.330602  0.334535
  0.338571  0.342646  0.346738  0.350828  0.354902  0.358952  0.362971  0.366987
  0.371018  0.375060  0.379109  0.383156  0.387193  0.391209  0.395167  0.399045
  0.402833  0.406522  0.410106  0.413580  0.416943  0.420205  0.423371  0.426440
  0.429412  0.432288  0.435067  0.437750  0.440335  0.442825  0.445217  0.447513
  0.449712  0.451814  0.453820  0.455829  0.457998  0.460339  0.462866  0.465595
  0.468541  0.471722  0.475156  0.478863  0.482865  0.487186  0.491850  0.496886
  0.502323  0.508193  0.514530  0.521371  0.528757  0.536731  0.545339
  1.000000  0.000000
 -0.137123 -0.130319 -0.124204 -0.118711 -0.113777 -0.109346 -0.105367 -0.101797
 -0.098593 -0.095719 -0.093140 -0.090827 -0.088753 -0.086892 -0.085224 -0.083728
 -0.082386 -0.081183 -0.080104 -0.079136 -0.078269 -0.076255 -0.075075 -0.074016
 -0.072972 -0.071894 -0.070772 -0.069604 -0.068386 -0.067119 -0.065800 -0.064429
 -0.063003 -0.061523 -0.059988 -0.058399 -0.056758 -0.055062 -0.053315 -0.051516
 -0.049664 -0.047757 -0.045797 -0.043784 -0.041719 -0.039599 -0.037424 -0.035193
 -0.032906 -0.030544 -0.028089 -0.025552 -0.022952 -0.020313 -0.017666 -0.015040
 -0.012488 -0.010056 -0.007758 -0.005600 -0.003588 -0.001722  0.000000  0.001591
  0.003059  0.004401  0.005617  0.006704  0.007670  0.008498  0.009195  0.009763
  0.010209  0.010540  0.010765  0.010892  0.010931  0.010889  0.010775  0.010596
  0.010356  0.010061  0.009719  0.009337  0.008919  0.008471  0.007998  0.007506
  0.006999  0.006481  0.004991  0.004662  0.004307  0.003923  0.003509  0.003061
  0.002578  0.002056  0.001492  0.000884  0.000226 -0.000484 -0.001251 -0.002079
 -0.002973 -0.003938 -0.004981 -0.006107 -0.007323 -0.008635 -0.010052
  1.000000
  0.000000  0.000000  0.000000  0.000000  0.000000  0.000000  0.000000  0.000000
  0.000000  0.000000  0.000000  0.000000  0.000000  0.000000  0.000000  0.000000
  0.000000  0.000000  0.000000  0.000000  0.000000  0.002554  0.003442  0.003989
  0.004361  0.004628  0.004821  0.004982  0.005146  0.005317  0.005495  0.005680
  0.005872  0.006071  0.006276  0.006489  0.006708  0.006936  0.007169  0.007406
  0.007649  0.007897  0.008150  0.008408  0.008669  0.008933  0.009201  0.009470
  0.009739  0.010011  0.010284  0.010555  0.010820  0.011080  0.011317  0.011530
  0.011715  0.011865  0.011980  0.012058  0.012099  0.012104  0.012073  0.012008
  0.011906  0.011769  0.011596  0.011387  0.011154  0.010877  0.010568  0.010233
  0.009873  0.009494  0.009096  0.008685  0.008262  0.007828  0.007384  0.006938
  0.006484  0.006024  0.005563  0.005101  0.004642  0.004186  0.003736  0.003291
  0.002855  0.002427  0.000001  0.000000  0.000000  0.000000  0.000000  0.000000
  0.000000  0.000000  0.000000  0.000000  0.000000  0.000000  0.000000  0.000000
  0.000000  0.000000  0.000000  0.000000  0.000000  0.000000  0.000000
  1.000000  0.000000
  0.278547  0.278847  0.279098  0.279309  0.279486  0.279629  0.279749  0.279852
  0.279940  0.280015  0.280081  0.280138  0.280187  0.280231  0.280269  0.280302
  0.280332  0.280358  0.280381  0.280402  0.280420  0.280451  0.280484  0.280519
  0.280556  0.280595  0.280637  0.280682  0.280730  0.280781  0.280836  0.280895
  0.280958  0.281025  0.281097  0.281174  0.281256  0.281344  0.281437  0.281537
  0.281645  0.281759  0.281882  0.282013  0.282154  0.282304  0.282466  0.282640
  0.282827  0.283030  0.283252  0.283495  0.283758  0.284043  0.284347  0.284670
  0.285007  0.285352  0.285703  0.286057  0.286413  0.286769  0.287125  0.287482
  0.287841  0.288202  0.288563  0.288924  0.289282  0.289636  0.289984  0.290322
  0.290649  0.290964  0.291267  0.291557  0.291834  0.292099  0.292353  0.292595
  0.292825  0.293044  0.293252  0.293450  0.293636  0.293813  0.293979  0.294135
  0.294282  0.294419  0.294548  0.294622  0.294699  0.294781  0.294868  0.294959
  0.295054  0.295154  0.295258  0.295366  0.295478  0.295593  0.295710  0.295830
  0.295951  0.296072  0.296192  0.296310  0.296423  0.296531  0.296630
 ***************************************************************
  ROW NUMBER           2  SECTION NUMBER            2
           0           0           0  IF_DESIGN etc 
   1.00000   0.00000    0
  0.225653  0.230973  0.235742  0.240018  0.243852  0.247289  0.250371  0.253133
  0.255610  0.257831  0.259822  0.261607  0.263208  0.264643  0.265929  0.267083
  0.268117  0.269044  0.269875  0.270620  0.271288  0.271956  0.272655  0.273387
  0.274155  0.274961  0.275810  0.276703  0.277643  0.278633  0.279677  0.280776
  0.281933  0.283152  0.284435  0.285784  0.287200  0.288686  0.290245  0.291882
  0.293602  0.295408  0.297306  0.299300  0.301395  0.303599  0.305921  0.308370
  0.310955  0.313709  0.316670  0.319842  0.323222  0.326803  0.330571  0.334505
  0.338543  0.342619  0.346712  0.350804  0.354881  0.358933  0.362954  0.366973
  0.371006  0.375051  0.379102  0.383152  0.387191  0.391209  0.395169  0.399050
  0.402840  0.406531  0.410116  0.413592  0.416955  0.420218  0.423385  0.426454
  0.429427  0.432303  0.435082  0.437764  0.440349  0.442838  0.445230  0.447525
  0.449723  0.451824  0.453828  0.455833  0.457996  0.460332  0.462854  0.465577
  0.468516  0.471688  0.475114  0.478811  0.482803  0.487112  0.491765  0.496787
  0.502209  0.508062  0.514381  0.521202  0.528566  0.536516  0.545098
  1.000000  0.000000
 -0.104437 -0.099251 -0.094601 -0.090432 -0.086695 -0.083344 -0.080340 -0.077646
 -0.075231 -0.073066 -0.071125 -0.069385 -0.067825 -0.066426 -0.065172 -0.064047
 -0.063039 -0.062135 -0.061325 -0.060599 -0.059947 -0.058200 -0.057251 -0.056425
 -0.055622 -0.054795 -0.053933 -0.053036 -0.052101 -0.051129 -0.050116 -0.049063
 -0.047967 -0.046829 -0.045651 -0.044430 -0.043170 -0.041870 -0.040531 -0.039150
 -0.037729 -0.036266 -0.034762 -0.033219 -0.031636 -0.030011 -0.028345 -0.026638
 -0.024888 -0.023083 -0.021207 -0.019272 -0.017291 -0.015283 -0.013272 -0.011281
 -0.009350 -0.007515 -0.005786 -0.004168 -0.002665 -0.001276  0.000000  0.001173
  0.002253  0.003228  0.004103  0.004878  0.005551  0.006124  0.006595  0.006966
  0.007243  0.007433  0.007541  0.007576  0.007543  0.007450  0.007302  0.007106
  0.006864  0.006581  0.006264  0.005917  0.005545  0.005151  0.004739  0.004315
  0.003881  0.003441  0.002076  0.001823  0.001549  0.001255  0.000936  0.000593
  0.000222 -0.000178 -0.000611 -0.001077 -0.001581 -0.002125 -0.002712 -0.003346
 -0.004030 -0.004768 -0.005566 -0.006427 -0.007356 -0.008359 -0.009442
  1.000000
  0.000000  0.000000  0.000000  0.000000  0.000000  0.000000  0.000000  0.000000
  0.000000  0.000000  0.000000  0.000000  0.000000  0.000000  0.000000  0.000000
  0.000000  0.000000  0.000000  0.000000  0.000000  0.002447  0.003298  0.003824
  0.004180  0.004434  0.004618  0.004771  0.004928  0.005092  0.005262  0.005439
  0.005625  0.005816  0.006013  0.006217  0.006427  0.006645  0.006866  0.007093
  0.007326  0.007563  0.007806  0.008052  0.008302  0.008555  0.008811  0.009069
  0.009327  0.009587  0.009848  0.010108  0.010362  0.010605  0.010832  0.011037
  0.011213  0.011357  0.011467  0.011542  0.011581  0.011586  0.011558  0.011495
  0.011404  0.011276  0.011111  0.010911  0.010677  0.010412  0.010117  0.009796
  0.009453  0.009090  0.008710  0.008316  0.007911  0.007495  0.007071  0.006643
  0.006208  0.005768  0.005326  0.004885  0.004445  0.004009  0.003577  0.003152
  0.002734  0.002325  0.000001  0.000000  0.000000  0.000000  0.000000  0.000000
  0.000000  0.000000  0.000000  0.000000  0.000000  0.000000  0.000000  0.000000
  0.000000  0.000000  0.000000  0.000000  0.000000  0.000000  0.000000
  1.000000  0.000000
  0.425075  0.425075  0.425075  0.425075  0.425075  0.425075  0.425075  0.425075
  0.425075  0.425075  0.425075  0.425075  0.425075  0.425075  0.425075  0.425075
  0.425075  0.425075  0.425075  0.425075  0.425075  0.425075  0.425075  0.425075
  0.425075  0.425075  0.425075  0.425075  0.425075  0.425075  0.425075  0.425075
  0.425075  0.425075  0.425075  0.425075  0.425075  0.425075  0.425075  0.425075
  0.425075  0.425075  0.425075  0.425075  0.425075  0.425075  0.425075  0.425075
  0.425075  0.425075  0.425075  0.425075  0.425075  0.425075  0.425075  0.425075
  0.425075  0.425075  0.425075  0.425075  0.425075  0.425075  0.425075  0.425075
  0.425075  0.425075  0.425075  0.425075  0.425075  0.425075  0.425075  0.425075
  0.425075  0.425075  0.425075  0.425075  0.425075  0.425075  0.425075  0.425075
  0.425075  0.425075  0.425075  0.425075  0.425075  0.425075  0.425075  0.425075
  0.425075  0.425075  0.425075  0.425075  0.425075  0.425075  0.425075  0.425075
  0.425075  0.425075  0.425075  0.425075  0.425075  0.425075  0.425075  0.425075
  0.425075  0.425075  0.425075  0.425075  0.425075  0.425075  0.425075
 ***************************************************************
  ROW NUMBER           2  SECTION NUMBER            3
           0           0           0  IF_DESIGN etc 
   1.00000   0.00000    0
  0.225556  0.230883  0.235660  0.239944  0.243785  0.247229  0.250318  0.253087
  0.255570  0.257796  0.259792  0.261581  0.263186  0.264624  0.265914  0.267071
  0.268107  0.269037  0.269870  0.270618  0.271287  0.271957  0.272657  0.273390
  0.274159  0.274967  0.275817  0.276711  0.277653  0.278644  0.279689  0.280789
  0.281949  0.283169  0.284453  0.285804  0.287222  0.288709  0.290270  0.291909
  0.293629  0.295438  0.297337  0.299332  0.301428  0.303634  0.305957  0.308407
  0.310993  0.313747  0.316709  0.319881  0.323262  0.326842  0.330609  0.334542
  0.338579  0.342654  0.346745  0.350835  0.354910  0.358960  0.362979  0.366995
  0.371025  0.375068  0.379116  0.383164  0.387201  0.391216  0.395174  0.399052
  0.402840  0.406530  0.410114  0.413588  0.416950  0.420212  0.423378  0.426447
  0.429420  0.432295  0.435075  0.437757  0.440343  0.442832  0.445225  0.447520
  0.449720  0.451822  0.453827  0.455836  0.458005  0.460346  0.462874  0.465603
  0.468549  0.471730  0.475163  0.478870  0.482872  0.487193  0.491858  0.496894
  0.502331  0.508200  0.514537  0.521379  0.528765  0.536738  0.545347
  1.000000  0.000000
 -0.086620 -0.082335 -0.078498 -0.075061 -0.071983 -0.069225 -0.066754 -0.064540
 -0.062556 -0.060778 -0.059184 -0.057755 -0.056474 -0.055326 -0.054297 -0.053375
 -0.052548 -0.051806 -0.051142 -0.050546 -0.050012 -0.048389 -0.047560 -0.046856
 -0.046182 -0.045491 -0.044772 -0.044022 -0.043242 -0.042429 -0.041582 -0.040702
 -0.039788 -0.038838 -0.037854 -0.036834 -0.035782 -0.034697 -0.033578 -0.032426
 -0.031239 -0.030019 -0.028764 -0.027477 -0.026156 -0.024802 -0.023414 -0.021991
 -0.020534 -0.019033 -0.017473 -0.015865 -0.014221 -0.012557 -0.010892 -0.009246
 -0.007654 -0.006143 -0.004722 -0.003397 -0.002169 -0.001034  0.000000  0.000946
  0.001808  0.002585  0.003277  0.003884  0.004404  0.004839  0.005188  0.005453
  0.005640  0.005753  0.005799  0.005783  0.005712  0.005590  0.005423  0.005218
  0.004973  0.004696  0.004391  0.004062  0.003712  0.003346  0.002966  0.002576
  0.002179  0.001779  0.000472  0.000259  0.000030 -0.000218 -0.000485 -0.000774
 -0.001085 -0.001421 -0.001784 -0.002176 -0.002599 -0.003055 -0.003547 -0.004079
 -0.004653 -0.005272 -0.005941 -0.006663 -0.007442 -0.008283 -0.009192
  1.000000
  0.000000  0.000000  0.000000  0.000000  0.000000  0.000000  0.000000  0.000000
  0.000000  0.000000  0.000000  0.000000  0.000000  0.000000  0.000000  0.000000
  0.000000  0.000000  0.000000  0.000000  0.000000  0.002428  0.003266  0.003784
  0.004131  0.004376  0.004551  0.004701  0.004856  0.005017  0.005186  0.005361
  0.005542  0.005731  0.005925  0.006126  0.006332  0.006545  0.006763  0.006986
  0.007215  0.007449  0.007688  0.007930  0.008177  0.008426  0.008678  0.008931
  0.009185  0.009441  0.009698  0.009954  0.010204  0.010443  0.010666  0.010868
  0.011042  0.011184  0.011292  0.011366  0.011405  0.011415  0.011389  0.011328
  0.011232  0.011103  0.010940  0.010744  0.010514  0.010253  0.009962  0.009647
  0.009309  0.008951  0.008577  0.008190  0.007791  0.007382  0.006964  0.006544
  0.006113  0.005680  0.005245  0.004810  0.004377  0.003948  0.003523  0.003104
  0.002693  0.002290  0.000000  0.000000  0.000000  0.000000  0.000000  0.000000
  0.000000  0.000000  0.000000  0.000000  0.000000  0.000000  0.000000  0.000000
  0.000000  0.000000  0.000000  0.000000  0.000000  0.000000  0.000000
  1.000000  0.000000
  0.571603  0.571302  0.571051  0.570841  0.570664  0.570521  0.570400  0.570298
  0.570210  0.570134  0.570069  0.570012  0.569963  0.569919  0.569881  0.569847
  0.569818  0.569792  0.569769  0.569748  0.569730  0.569699  0.569666  0.569631
  0.569594  0.569554  0.569512  0.569467  0.569419  0.569368  0.569313  0.569255
  0.569192  0.569125  0.569053  0.568976  0.568894  0.568806  0.568712  0.568612
  0.568505  0.568390  0.568268  0.568136  0.567996  0.567845  0.567683  0.567510
  0.567322  0.567120  0.566897  0.566655  0.566391  0.566107  0.565802  0.565479
  0.565142  0.564797  0.564447  0.564092  0.563736  0.563380  0.563024  0.562667
  0.562308  0.561947  0.561586  0.561226  0.560867  0.560513  0.560165  0.559828
  0.559500  0.559185  0.558882  0.558592  0.558315  0.558050  0.557797  0.557555
  0.557324  0.557105  0.556897  0.556700  0.556513  0.556337  0.556171  0.556015
  0.555868  0.555730  0.555602  0.555528  0.555450  0.555368  0.555282  0.555191
  0.555095  0.554996  0.554892  0.554784  0.554672  0.554557  0.554439  0.554320
  0.554199  0.554078  0.553958  0.553840  0.553726  0.553619  0.553520
  STARTING INLET BOUNDARY CONDITION DATA .
  NUMBER OF POINTS FOR INLET BOUNDARY CONDITIONS 
        30
  SPACING OF INLET BOUNDARY CONDITION POINTS 
  1.000000  1.250000  1.562500  1.953125  2.441406  3.051758  3.814697  4.768372
  5.960464  7.450581  9.313226 11.641532 14.551915 18.189894 20.000000 18.189894
 14.551915 11.641532  9.313226  7.450581  5.960464  4.768372  3.814697  3.051758
  2.441406  1.953125  1.562500  1.250000  1.000000
   INLET STAGNATION PRESSURES 
   39600.0   39600.0   39600.0   39600.0   39600.0   39600.0   39600.0   39600.0
   39600.0   39600.0   39600.0   39600.0   39600.0   39600.0   39600.0   39600.0
   39600.0   39600.0   39600.0   39600.0   39600.0   39600.0   39600.0   39600.0
   39600.0   39600.0   39600.0   39600.0   39600.0   39600.0
   INLET STAGNATION TEMPERATURES 
  250.4170  250.4170  250.4170  250.4170  250.4170  250.4170  250.4170  250.4170
  250.4170  250.4170  250.4170  250.4170  250.4170  250.4170  250.4170  250.4170
  250.4170  250.4170  250.4170  250.4170  250.4170  250.4170  250.4170  250.4170
  250.4170  250.4170  250.4170  250.4170  250.4170  250.4170
   INLET ABSOLUTE TANGENTIAL VELOCITY 
    0.0000    0.0000    0.0000    0.0000    0.0000    0.0000    0.0000    0.0000
    0.0000    0.0000    0.0000    0.0000    0.0000    0.0000    0.0000    0.0000
    0.0000    0.0000    0.0000    0.0000    0.0000    0.0000    0.0000    0.0000
    0.0000    0.0000    0.0000    0.0000    0.0000    0.0000
   INLET MERIDIONAL VELOCITY 
  179.7023  179.7023  179.7023  179.7023  179.7023  179.7023  179.7023  179.7023
  179.7023  179.7023  179.7023  179.7023  179.7023  179.7023  179.7023  179.7023
  179.7023  179.7023  179.7023  179.7023  179.7023  179.7023  179.7023  179.7023
  179.7023  179.7023  179.7023  179.7023  179.7023  179.7023
   INLET MERIDIONAL YAW ANGLE  
   -0.0000   -0.0000   -0.0000   -0.0000   -0.0000   -0.0000   -0.0000   -0.0000
   -0.0000   -0.0000   -0.0000   -0.0000   -0.0000   -0.0000   -0.0000   -0.0000
   -0.0000   -0.0000   -0.0000   -0.0000   -0.0000   -0.0000   -0.0000   -0.0000
   -0.0000   -0.0000   -0.0000   -0.0000   -0.0000   -0.0000
   INLET PITCH ANGLE 
    0.2576    0.2550    0.2516    0.2475    0.2423    0.2358    0.2277    0.2176
    0.2049    0.1891    0.1693    0.1445    0.1136    0.0749    0.0266   -0.0266
   -0.0749   -0.1136   -0.1445   -0.1693   -0.1891   -0.2049   -0.2176   -0.2277
   -0.2358   -0.2423   -0.2475   -0.2516   -0.2550   -0.2576
   PDOWN_HUB   PDOWN_TIP 
   51881.6   51881.6
 MIXING LENGTH LIMITS ON ALL BLADE ROWS
  0.050000  0.050000  0.050000  0.050000  0.050000  0.030000
  0.050000  0.050000  0.050000  0.050000  0.050000  0.030000
  FACTOR TO INCREASE THE TURBULENT VISCOSITY OVER THE FIRST NMIXUP STEPS 
   2.00000 1000
