 DATA SET FOR "multall" . GENERATED BY "stagen" .                       
    CP   and   GAMMA 
 1004.5000    1.4000
       ITIMST 
         3
     CFL,    DAMP,    MACHLIM,    F_PDOWN 
  0.400000 10.000000  2.000000  0.000000
  IF_RESTART 
         0
  NSTEPS_MAX, CONLIM 
      9000  0.001000
   SFX,      SFT,      FAC_4TH,     NCHANGE 
  0.005000  0.005000  0.800000      1000
       NUMBER OF BLADE ROWS 
         2
        IM        KM 
        30        30
  FP(I),I=1,IMM1 
  1.000000  1.250000  1.562500  1.953125  2.441406  3.051758  3.814697  4.768372
  5.960464  7.450581  9.313226 11.641532 14.551915 18.189894 20.000000 18.189894
 14.551915 11.641532  9.313226  7.450581  5.960464  4.768372  3.814697  3.051758
  2.441406  1.953125  1.562500  1.250000  1.000000
  FR(K),K=1,KMM1 
  1.000000  1.250000  1.562500  1.953125  2.441406  3.051758  3.814697  4.768372
  5.960464  7.450581  9.313226 11.641532 14.551915 18.189894 20.000000 18.189894
 14.551915 11.641532  9.313226  7.450581  5.960464  4.768372  3.814697  3.051758
  2.441406  1.953125  1.562500  1.250000  1.000000
        IR        JR        KR        IRBB      JRBB      KRBB 
         3         3         3         9         9         9
   FBLK1,     FBLK2,     FBLK3  
  0.400000  0.200000  0.100000
       IFMIX 
         1
   RFMIX,    FEXTRAP,   FSMTHB,    FANGLE 
  0.025000  0.800000  1.000000  0.800000
      IFCOOL    IFBLEED    IF_ROUGH 
         0         0         0
       NSECS_IN 
         3
       IN_PRESS  IN_VTAN   IN_VR    IN_FLOW  IF_REPEAT  RFIN 
         0         0         1         0         0   0.50000
  IPOUT  SFEXIT  NSFEXIT 
    1  0.000000    0
  PLATE_LOSS  THROTTLE_EXIT 
  0.000000  0.000000
        ILOS      NLOS      IBOUND 
        10         5         0
   REYNO,     RF_VIS,   FTRANS, TURBVIS_LIM, PRANDTL, YPLUSWALL
  800000.0     0.500     0.000  3000.000       1.0     0.000
   YPLAM      YPTURB 
  5.000000 25.000000
      ISHIFT    NEXTRAP_LE  NEXTRAP_TE 
         2        10        10
  (NSTG(N),N=1,NROWS) 
         1         1
  5  TIME STEPS FOR PRINTOUT 
      9000      9000      9000      9000      9000
  MARKER FOR VARIABLES TO BE SENT TO THE OUTPUT FILE.
 0 0 0 0 0 0 0 0 0 0 0 0 0 0 0 0 0 0 0 0
  STREAM SURFACES ON WHICH RESULTS ARE TO BE SENT TO   THE OUTPUT FILE 
 0 0 0 0 0 0 0 0 0 0 0 0 0 0 0 0 0 0 0 0 0 0 0 0 0 0 0 0 0 0
 ***************************************************************
 ************STARTING THE INPUT FOR EACH BLADE ROW**************
  BLADE ROW NUMBER =        1                                           
    NUMBER OF BLADES IN ROW 
        20
        JM        JLE       JTE 
       111        26        96
      KTIPSTART  KTIPEND 
         0         0
       BOUNDARY LAYER TRANSITION POINTS 
         0         0         0         0
  SET NEWGRID= 1 TO GENERATE A NEW GRID WITH DIFFERENT "J" POINTS AND SPACINGS.
         0
   RPMROW,    RPMHUB 
    5000.0    5000.0
       JROTHS    JROTHE    JROTTS    JROTTE 
         1         1         1         1
   PUPROW    PLEROW   PTEROW    PDROW 
   31394.5   31394.5   40609.4   40609.4
      NSECS_ROW   INSURF  
         3         0
  IF_CUSP_OUT   IFANGLES 
         1         0
         0         3         0
 ***************************************************************
  ROW NUMBER           1  SECTION NUMBER            1
           0           0           0  IF_DESIGN etc 
   1.00000   0.00000    0
 -0.081199 -0.071925 -0.063659 -0.056291 -0.049723 -0.043868 -0.038650 -0.033998
 -0.029852 -0.026156 -0.022861 -0.019925 -0.017307 -0.014973 -0.012893 -0.011038
 -0.009385 -0.007911 -0.006597 -0.005426 -0.004381 -0.003450 -0.002620 -0.001880
 -0.001220 -0.000632 -0.000049  0.000561  0.001200  0.001870  0.002574  0.003314
  0.004093  0.004913  0.005777  0.006686  0.007644  0.008653  0.009715  0.010833
  0.012008  0.013241  0.014535  0.015892  0.017317  0.018813  0.020385  0.022036
  0.023769  0.025591  0.027507  0.029525  0.031652  0.033898  0.036289  0.038860
  0.041613  0.044547  0.047654  0.050922  0.054334  0.057836  0.061371  0.064921
  0.068469  0.072004  0.075519  0.079007  0.082493  0.085993  0.089503  0.093020
  0.096537  0.100047  0.103538  0.106982  0.110357  0.113655  0.116869  0.119993
  0.123022  0.125955  0.128802  0.131567  0.134248  0.136846  0.139362  0.141793
  0.144142  0.146407  0.148588  0.150686  0.152700  0.154629  0.156475  0.158237
  0.160003  0.161870  0.163844  0.165932  0.168139  0.170472  0.172939  0.175548
  0.178306  0.181222  0.184306  0.187566  0.191013  0.194658  0.198509
  1.000000  0.000000
  0.085963  0.078439  0.071740  0.065773  0.060456  0.055717  0.051492  0.047725
  0.044365  0.041368  0.038695  0.036311  0.034184  0.032287  0.030595  0.029085
  0.027739  0.026538  0.025467  0.024511  0.023659  0.022899  0.022221  0.021617
  0.021078  0.020597  0.021533  0.021547  0.021440  0.021248  0.020964  0.020593
  0.020162  0.019703  0.019223  0.018721  0.018200  0.017656  0.017092  0.016508
  0.015905  0.015285  0.014649  0.013997  0.013331  0.012651  0.011957  0.011252
  0.010537  0.009814  0.009083  0.008352  0.007612  0.006870  0.006124  0.005371
  0.004619  0.003879  0.003163  0.002489  0.001875  0.001329  0.000866  0.000490
  0.000202  0.000000 -0.000111 -0.000143 -0.000094  0.000039  0.000255  0.000555
  0.000937  0.001400  0.001940  0.002551  0.003224  0.003958  0.004735  0.005552
  0.006404  0.007284  0.008189  0.009115  0.010059  0.011015  0.011979  0.012948
  0.013917  0.014883  0.015842  0.016791  0.017726  0.018644  0.019527  0.019468
  0.020517  0.021627  0.022800  0.024041  0.025353  0.026740  0.028206  0.029757
  0.031395  0.033126  0.034955  0.036889  0.038932  0.041092  0.043381
  1.000000
  0.000000  0.000000  0.000000  0.000000  0.000000  0.000000  0.000000  0.000000
  0.000000  0.000000  0.000000  0.000000  0.000000  0.000000  0.000000  0.000000
  0.000000  0.000000  0.000000  0.000000  0.000000  0.000000  0.000000  0.000000
  0.000000  0.000000  0.002707  0.003568  0.004163  0.004648  0.005053  0.005386
  0.005679  0.005961  0.006240  0.006518  0.006795  0.007071  0.007347  0.007621
  0.007894  0.008164  0.008433  0.008699  0.008962  0.009222  0.009478  0.009730
  0.009976  0.010222  0.010454  0.010683  0.010898  0.011104  0.011299  0.011482
  0.011650  0.011798  0.011922  0.012025  0.012094  0.012122  0.012115  0.012074
  0.011999  0.011893  0.011769  0.011606  0.011413  0.011193  0.010945  0.010672
  0.010373  0.010050  0.009706  0.009343  0.008967  0.008584  0.008189  0.007790
  0.007384  0.006976  0.006567  0.006157  0.005748  0.005340  0.004937  0.004537
  0.004142  0.003754  0.003373  0.003001  0.002637  0.002283  0.001924  0.000001
  0.000000  0.000000  0.000000  0.000000  0.000000  0.000000  0.000000  0.000000
  0.000000  0.000000  0.000000  0.000000  0.000000  0.000000  0.000000
  1.000000  0.000000
  0.178155  0.178392  0.178647  0.178913  0.179180  0.179445  0.179702  0.179949
  0.180183  0.180404  0.180610  0.180801  0.180978  0.181141  0.181290  0.181426
  0.181549  0.181662  0.181764  0.181856  0.181939  0.182014  0.182082  0.182142
  0.182197  0.182246  0.182333  0.182424  0.182520  0.182622  0.182729  0.182844
  0.182965  0.183093  0.183230  0.183375  0.183529  0.183693  0.183867  0.184053
  0.184250  0.184458  0.184679  0.184914  0.185162  0.185427  0.185707  0.186005
  0.186321  0.186656  0.187013  0.187393  0.187798  0.188230  0.188695  0.189200
  0.189745  0.190332  0.190959  0.191623  0.192322  0.193042  0.193772  0.194507
  0.195241  0.195973  0.196698  0.197414  0.198126  0.198835  0.199540  0.200239
  0.200929  0.201607  0.202271  0.202914  0.203532  0.204123  0.204685  0.205218
  0.205722  0.206197  0.206645  0.207067  0.207463  0.207835  0.208183  0.208507
  0.208810  0.209090  0.209350  0.209591  0.209812  0.210015  0.210202  0.210372
  0.210513  0.210659  0.210808  0.210960  0.211115  0.211272  0.211430  0.211590
  0.211748  0.211899  0.212049  0.212196  0.212342  0.212486  0.212659
 ***************************************************************
  ROW NUMBER           1  SECTION NUMBER            2
           0           0           0  IF_DESIGN etc 
   1.00000   0.00000    0
 -0.080125 -0.070996 -0.062857 -0.055600 -0.049130 -0.043361 -0.038217 -0.033631
 -0.029542 -0.025896 -0.022645 -0.019747 -0.017163 -0.014859 -0.012805 -0.010973
 -0.009340 -0.007884 -0.006586 -0.005428 -0.004396 -0.003476 -0.002656 -0.001924
 -0.001272 -0.000691 -0.000109  0.000499  0.001136  0.001804  0.002506  0.003245
  0.004022  0.004840  0.005702  0.006610  0.007566  0.008574  0.009635  0.010751
  0.011925  0.013158  0.014451  0.015808  0.017233  0.018729  0.020302  0.021954
  0.023688  0.025512  0.027430  0.029451  0.031583  0.033833  0.036229  0.038806
  0.041567  0.044509  0.047625  0.050904  0.054328  0.057842  0.061390  0.064952
  0.068514  0.072062  0.075588  0.079089  0.082586  0.086096  0.089616  0.093142
  0.096667  0.100183  0.103679  0.107126  0.110503  0.113802  0.117014  0.120135
  0.123160  0.126087  0.128927  0.131683  0.134354  0.136941  0.139444  0.141863
  0.144197  0.146447  0.148613  0.150695  0.152692  0.154605  0.156434  0.158178
  0.159923  0.161767  0.163716  0.165777  0.167955  0.170258  0.172693  0.175266
  0.177987  0.180862  0.183902  0.187116  0.190513  0.194104  0.197900
  1.000000  0.000000
  0.151964  0.140969  0.131166  0.122426  0.114633  0.107685  0.101489  0.095966
  0.091041  0.086650  0.082735  0.079245  0.076132  0.073357  0.070883  0.068677
  0.066711  0.064957  0.063393  0.061999  0.060756  0.059648  0.058660  0.057779
  0.056994  0.056293  0.057247  0.057104  0.056809  0.056410  0.055906  0.055290
  0.054575  0.053804  0.052989  0.052131  0.051227  0.050278  0.049280  0.048235
  0.047140  0.045997  0.044805  0.043563  0.042268  0.040919  0.039514  0.038052
  0.036531  0.034949  0.033304  0.031591  0.029806  0.027947  0.025994  0.023925
  0.021743  0.019457  0.017081  0.014629  0.012123  0.009608  0.007126  0.004692
  0.002314  0.000000 -0.002246 -0.004422 -0.006544 -0.008621 -0.010650 -0.012630
 -0.014552 -0.016421 -0.018229 -0.019961 -0.021610 -0.023176 -0.024659 -0.026058
 -0.027378 -0.028620 -0.029791 -0.030897 -0.031941 -0.032922 -0.033848 -0.034718
 -0.035537 -0.036305 -0.037025 -0.037700 -0.038331 -0.038921 -0.039471 -0.040881
 -0.041194 -0.041525 -0.041875 -0.042244 -0.042635 -0.043048 -0.043485 -0.043946
 -0.044434 -0.044950 -0.045495 -0.046072 -0.046681 -0.047325 -0.048006
  1.000000
  0.000000  0.000000  0.000000  0.000000  0.000000  0.000000  0.000000  0.000000
  0.000000  0.000000  0.000000  0.000000  0.000000  0.000000  0.000000  0.000000
  0.000000  0.000000  0.000000  0.000000  0.000000  0.000000  0.000000  0.000000
  0.000000  0.000000  0.003140  0.004089  0.004760  0.005328  0.005816  0.006224
  0.006568  0.006894  0.007217  0.007538  0.007859  0.008178  0.008496  0.008813
  0.009129  0.009442  0.009753  0.010061  0.010365  0.010666  0.010962  0.011254
  0.011539  0.011816  0.012086  0.012347  0.012598  0.012842  0.013068  0.013281
  0.013476  0.013649  0.013796  0.013908  0.013983  0.014018  0.014012  0.013966
  0.013881  0.013759  0.013603  0.013414  0.013194  0.012940  0.012656  0.012345
  0.012003  0.011630  0.011232  0.010813  0.010378  0.009930  0.009471  0.009006
  0.008537  0.008066  0.007593  0.007119  0.006648  0.006180  0.005713  0.005251
  0.004795  0.004346  0.003906  0.003475  0.003055  0.002646  0.002247  0.000001
  0.000000  0.000000  0.000000  0.000000  0.000000  0.000000  0.000000  0.000000
  0.000000  0.000000  0.000000  0.000000  0.000000  0.000000  0.000000
  1.000000  0.000000
  0.385169  0.385169  0.385169  0.385169  0.385169  0.385169  0.385169  0.385169
  0.385169  0.385169  0.385169  0.385169  0.385169  0.385169  0.385169  0.385169
  0.385169  0.385169  0.385169  0.385169  0.385169  0.385169  0.385169  0.385169
  0.385169  0.385169  0.385169  0.385169  0.385169  0.385169  0.385169  0.385169
  0.385169  0.385169  0.385169  0.385169  0.385169  0.385169  0.385169  0.385169
  0.385169  0.385169  0.385169  0.385169  0.385169  0.385169  0.385169  0.385169
  0.385169  0.385169  0.385169  0.385169  0.385169  0.385169  0.385169  0.385169
  0.385169  0.385169  0.385169  0.385169  0.385169  0.385169  0.385169  0.385169
  0.385169  0.385169  0.385169  0.385169  0.385169  0.385169  0.385169  0.385169
  0.385169  0.385169  0.385169  0.385169  0.385169  0.385169  0.385169  0.385169
  0.385169  0.385169  0.385169  0.385169  0.385169  0.385169  0.385169  0.385169
  0.385169  0.385169  0.385169  0.385169  0.385169  0.385169  0.385169  0.385169
  0.385169  0.385169  0.385169  0.385169  0.385169  0.385169  0.385169  0.385169
  0.385169  0.385169  0.385169  0.385169  0.385169  0.385169  0.385169
 ***************************************************************
  ROW NUMBER           1  SECTION NUMBER            3
           0           0           0  IF_DESIGN etc 
   1.00000   0.00000    0
 -0.081193 -0.071920 -0.063653 -0.056285 -0.049717 -0.043862 -0.038644 -0.033992
 -0.029846 -0.026150 -0.022856 -0.019919 -0.017301 -0.014968 -0.012887 -0.011033
 -0.009379 -0.007905 -0.006591 -0.005420 -0.004376 -0.003445 -0.002615 -0.001875
 -0.001215 -0.000627 -0.000043  0.000566  0.001205  0.001875  0.002579  0.003319
  0.004098  0.004918  0.005782  0.006692  0.007650  0.008658  0.009720  0.010838
  0.012013  0.013247  0.014540  0.015898  0.017323  0.018819  0.020390  0.022041
  0.023775  0.025596  0.027512  0.029530  0.031657  0.033903  0.036294  0.038865
  0.041618  0.044552  0.047659  0.050927  0.054339  0.057841  0.061376  0.064926
  0.068474  0.072009  0.075524  0.079012  0.082498  0.085998  0.089508  0.093025
  0.096542  0.100052  0.103543  0.106986  0.110362  0.113660  0.116874  0.119997
  0.123027  0.125960  0.128807  0.131571  0.134253  0.136851  0.139366  0.141798
  0.144146  0.146411  0.148593  0.150690  0.152704  0.154634  0.156480  0.158241
  0.160008  0.161875  0.163849  0.165936  0.168143  0.170477  0.172944  0.175552
  0.178310  0.181227  0.184310  0.187570  0.191017  0.194662  0.198513
  1.000000  0.000000
  0.214407  0.199738  0.186649  0.174972  0.164557  0.155267  0.146983  0.139595
  0.133008  0.127134  0.121897  0.117227  0.113064  0.109352  0.106043  0.103092
  0.100462  0.098117  0.096026  0.094161  0.092499  0.091018  0.089696  0.088519
  0.087468  0.086532  0.087689  0.087452  0.087014  0.086441  0.085744  0.084904
  0.083925  0.082852  0.081714  0.080512  0.079243  0.077905  0.076496  0.075012
  0.073453  0.071820  0.070110  0.068319  0.066445  0.064484  0.062430  0.060282
  0.058036  0.055688  0.053230  0.050657  0.047959  0.045129  0.042137  0.038943
  0.035548  0.031962  0.028199  0.024281  0.020234  0.016129  0.012033  0.007968
  0.003953  0.000000 -0.003883 -0.007691 -0.011451 -0.015179 -0.018871 -0.022523
 -0.026129 -0.029678 -0.033166 -0.036562 -0.039849 -0.043021 -0.046074 -0.049006
 -0.051817 -0.054507 -0.057091 -0.059572 -0.061954 -0.064239 -0.066428 -0.068525
 -0.070530 -0.072448 -0.074279 -0.076025 -0.077687 -0.079268 -0.080769 -0.083041
 -0.084219 -0.085464 -0.086781 -0.088174 -0.089646 -0.091204 -0.092851 -0.094593
 -0.096435 -0.098385 -0.100448 -0.102630 -0.104938 -0.107379 -0.109954
  1.000000
  0.000000  0.000000  0.000000  0.000000  0.000000  0.000000  0.000000  0.000000
  0.000000  0.000000  0.000000  0.000000  0.000000  0.000000  0.000000  0.000000
  0.000000  0.000000  0.000000  0.000000  0.000000  0.000000  0.000000  0.000000
  0.000000  0.000000  0.003939  0.005091  0.005927  0.006644  0.007279  0.007817
  0.008268  0.008682  0.009089  0.009494  0.009897  0.010299  0.010700  0.011099
  0.011496  0.011891  0.012282  0.012670  0.013054  0.013433  0.013806  0.014173
  0.014532  0.014882  0.015222  0.015550  0.015866  0.016166  0.016451  0.016719
  0.016965  0.017182  0.017365  0.017506  0.017601  0.017645  0.017638  0.017580
  0.017473  0.017320  0.017123  0.016886  0.016608  0.016289  0.015931  0.015533
  0.015099  0.014638  0.014136  0.013609  0.013060  0.012496  0.011919  0.011333
  0.010741  0.010148  0.009552  0.008955  0.008360  0.007767  0.007179  0.006597
  0.006024  0.005461  0.004906  0.004364  0.003834  0.003319  0.002751  0.000001
  0.000000  0.000000  0.000000  0.000000  0.000000  0.000000  0.000000  0.000000
  0.000000  0.000000  0.000000  0.000000  0.000000  0.000000  0.000000
  1.000000  0.000000
  0.592182  0.591946  0.591690  0.591425  0.591157  0.590893  0.590635  0.590388
  0.590154  0.589933  0.589727  0.589536  0.589359  0.589196  0.589047  0.588911
  0.588788  0.588675  0.588573  0.588481  0.588398  0.588323  0.588255  0.588194
  0.588140  0.588090  0.588004  0.587912  0.587816  0.587715  0.587607  0.587493
  0.587372  0.587243  0.587106  0.586961  0.586807  0.586643  0.586469  0.586284
  0.586087  0.585878  0.585657  0.585422  0.585174  0.584910  0.584629  0.584331
  0.584015  0.583680  0.583322  0.582942  0.582538  0.582106  0.581641  0.581136
  0.580591  0.580004  0.579377  0.578712  0.578014  0.577294  0.576564  0.575829
  0.575095  0.574363  0.573638  0.572922  0.572210  0.571501  0.570796  0.570097
  0.569407  0.568729  0.568065  0.567422  0.566804  0.566213  0.565651  0.565118
  0.564614  0.564139  0.563692  0.563270  0.562873  0.562501  0.562154  0.561829
  0.561527  0.561246  0.560986  0.560746  0.560524  0.560321  0.560135  0.559965
  0.559823  0.559678  0.559529  0.559377  0.559222  0.559065  0.558906  0.558747
  0.558589  0.558438  0.558288  0.558141  0.557995  0.557851  0.557678
 ***************************************************************
 ************STARTING THE INPUT FOR EACH BLADE ROW**************
  BLADE ROW NUMBER =        2                                           
    NUMBER OF BLADES IN ROW 
        34
        JM        JLE       JTE 
       111        21        91
      KTIPSTART  KTIPEND 
         0         0
       BOUNDARY LAYER TRANSITION POINTS 
         0         0         0         0
  SET NEWGRID= 1 TO GENERATE A NEW GRID WITH DIFFERENT "J" POINTS AND SPACINGS.
         0
   RPMROW,    RPMHUB 
       0.0       0.0
       JROTHS    JROTHE    JROTTS    JROTTE 
         1         1         1         1
   PUPROW    PLEROW   PTEROW    PDROW 
   40609.4   40609.4   46753.6   46753.6
      NSECS_ROW   INSURF  
         3         0
  IF_CUSP_OUT   IFANGLES 
         1         0
         0         3         0
 ***************************************************************
  ROW NUMBER           2  SECTION NUMBER            1
           0           0           0  IF_DESIGN etc 
   1.00000   0.00000    0
  0.165835  0.169510  0.172806  0.175761  0.178412  0.180789  0.182920  0.184831
  0.186545  0.188081  0.189459  0.190694  0.191801  0.192794  0.193684  0.194482
  0.195198  0.195840  0.196415  0.196931  0.197393  0.197855  0.198337  0.198843
  0.199373  0.199931  0.200517  0.201134  0.201783  0.202467  0.203187  0.203946
  0.204745  0.205587  0.206472  0.207403  0.208381  0.209406  0.210482  0.211612
  0.212798  0.214044  0.215354  0.216728  0.218173  0.219693  0.221294  0.222982
  0.224764  0.226661  0.228702  0.230887  0.233216  0.235682  0.238277  0.240986
  0.243766  0.246572  0.249389  0.252206  0.255011  0.257800  0.260567  0.263332
  0.266108  0.268891  0.271678  0.274465  0.277245  0.280009  0.282735  0.285405
  0.288013  0.290554  0.293022  0.295415  0.297730  0.299977  0.302157  0.304271
  0.306319  0.308300  0.310214  0.312062  0.313844  0.315559  0.317208  0.318790
  0.320305  0.321754  0.323136  0.324522  0.326019  0.327634  0.329379  0.331262
  0.333295  0.335490  0.337860  0.340418  0.343181  0.346163  0.349383  0.352859
  0.356612  0.360665  0.365039  0.369763  0.374862  0.380367  0.386311
  1.000000  0.000000
 -0.100631 -0.095682 -0.091233 -0.087236 -0.083645 -0.080418 -0.077522 -0.074923
 -0.072590 -0.070497 -0.068620 -0.066936 -0.065425 -0.064070 -0.062855 -0.061766
 -0.060789 -0.059912 -0.059126 -0.058422 -0.057790 -0.056352 -0.055500 -0.054732
 -0.053974 -0.053191 -0.052375 -0.051525 -0.050640 -0.049717 -0.048757 -0.047759
 -0.046720 -0.045642 -0.044523 -0.043363 -0.042166 -0.040930 -0.039655 -0.038340
 -0.036985 -0.035590 -0.034154 -0.032679 -0.031163 -0.029606 -0.028007 -0.026365
 -0.024679 -0.022937 -0.021122 -0.019244 -0.017315 -0.015348 -0.013375 -0.011411
 -0.009498 -0.007668 -0.005931 -0.004294 -0.002759 -0.001328  0.000000  0.001236
  0.002386  0.003447  0.004420  0.005302  0.006093  0.006795  0.007400  0.007910
  0.008332  0.008670  0.008929  0.009117  0.009239  0.009301  0.009309  0.009267
  0.009180  0.009053  0.008891  0.008695  0.008472  0.008225  0.007957  0.007673
  0.007375  0.007068  0.006075  0.005896  0.005703  0.005495  0.005271  0.005028
  0.004766  0.004482  0.004176  0.003846  0.003489  0.003103  0.002686  0.002236
  0.001750  0.001225  0.000657  0.000044 -0.000618 -0.001333 -0.002104
  1.000000
  0.000000  0.000000  0.000000  0.000000  0.000000  0.000000  0.000000  0.000000
  0.000000  0.000000  0.000000  0.000000  0.000000  0.000000  0.000000  0.000000
  0.000000  0.000000  0.000000  0.000000  0.000000  0.001798  0.002423  0.002809
  0.003071  0.003259  0.003396  0.003509  0.003625  0.003745  0.003871  0.004001
  0.004136  0.004276  0.004421  0.004571  0.004725  0.004884  0.005046  0.005213
  0.005384  0.005559  0.005737  0.005918  0.006102  0.006289  0.006477  0.006666
  0.006856  0.007047  0.007240  0.007431  0.007618  0.007802  0.007969  0.008119
  0.008249  0.008359  0.008440  0.008495  0.008524  0.008527  0.008506  0.008459
  0.008388  0.008291  0.008170  0.008022  0.007851  0.007658  0.007446  0.007209
  0.006956  0.006688  0.006409  0.006119  0.005820  0.005514  0.005202  0.004885
  0.004564  0.004240  0.003919  0.003594  0.003270  0.002949  0.002632  0.002319
  0.002011  0.001710  0.000000  0.000000  0.000000  0.000000  0.000000  0.000000
  0.000000  0.000000  0.000000  0.000000  0.000000  0.000000  0.000000  0.000000
  0.000000  0.000000  0.000000  0.000000  0.000000  0.000000  0.000000
  1.000000  0.000000
  0.210953  0.211208  0.211422  0.211603  0.211754  0.211877  0.211983  0.212073
  0.212151  0.212219  0.212277  0.212329  0.212374  0.212414  0.212449  0.212480
  0.212507  0.212531  0.212553  0.212572  0.212589  0.212618  0.212648  0.212680
  0.212714  0.212751  0.212789  0.212831  0.212875  0.212922  0.212972  0.213026
  0.213084  0.213146  0.213212  0.213283  0.213358  0.213439  0.213525  0.213617
  0.213716  0.213821  0.213934  0.214054  0.214184  0.214322  0.214471  0.214630
  0.214802  0.214988  0.215192  0.215414  0.215656  0.215917  0.216196  0.216492
  0.216801  0.217117  0.217438  0.217763  0.218089  0.218415  0.218741  0.219068
  0.219396  0.219727  0.220057  0.220387  0.220715  0.221039  0.221357  0.221666
  0.221966  0.222254  0.222531  0.222797  0.223050  0.223293  0.223525  0.223746
  0.223957  0.224157  0.224348  0.224528  0.224699  0.224860  0.225012  0.225155
  0.225289  0.225415  0.225533  0.225600  0.225672  0.225747  0.225827  0.225910
  0.225998  0.226089  0.226184  0.226283  0.226386  0.226491  0.226599  0.226709
  0.226819  0.226930  0.227040  0.227148  0.227252  0.227350  0.227440
 ***************************************************************
  ROW NUMBER           2  SECTION NUMBER            2
           0           0           0  IF_DESIGN etc 
   1.00000   0.00000    0
  0.165972  0.169637  0.172922  0.175867  0.178508  0.180876  0.182999  0.184902
  0.186608  0.188138  0.189509  0.190739  0.191842  0.192830  0.193716  0.194511
  0.195223  0.195862  0.196434  0.196948  0.197408  0.197868  0.198349  0.198853
  0.199382  0.199938  0.200522  0.201138  0.201785  0.202467  0.203186  0.203943
  0.204740  0.205580  0.206464  0.207393  0.208368  0.209392  0.210466  0.211594
  0.212778  0.214023  0.215330  0.216703  0.218147  0.219665  0.221265  0.222951
  0.224732  0.226629  0.228669  0.230854  0.233182  0.235649  0.238244  0.240954
  0.243736  0.246544  0.249363  0.252182  0.254990  0.257781  0.260552  0.263320
  0.266098  0.268884  0.271675  0.274464  0.277247  0.280015  0.282743  0.285416
  0.288027  0.290569  0.293039  0.295433  0.297750  0.299998  0.302179  0.304293
  0.306341  0.308322  0.310236  0.312084  0.313865  0.315579  0.317227  0.318808
  0.320322  0.321769  0.323150  0.324530  0.326021  0.327630  0.329367  0.331243
  0.333267  0.335453  0.337812  0.340359  0.343109  0.346077  0.349282  0.352742
  0.356476  0.360508  0.364861  0.369560  0.374633  0.380109  0.386021
  1.000000  0.000000
 -0.068278 -0.064931 -0.061931 -0.059241 -0.056829 -0.054667 -0.052729 -0.050991
 -0.049432 -0.048035 -0.046783 -0.045660 -0.044653 -0.043750 -0.042941 -0.042216
 -0.041565 -0.040982 -0.040459 -0.039990 -0.039570 -0.038395 -0.037771 -0.037232
 -0.036710 -0.036172 -0.035613 -0.035029 -0.034422 -0.033789 -0.033131 -0.032445
 -0.031731 -0.030991 -0.030223 -0.029427 -0.028605 -0.027757 -0.026882 -0.025980
 -0.025051 -0.024094 -0.023110 -0.022098 -0.021060 -0.019994 -0.018900 -0.017777
 -0.016625 -0.015435 -0.014197 -0.012918 -0.011607 -0.010275 -0.008938 -0.007612
 -0.006322 -0.005092 -0.003930 -0.002838 -0.001819 -0.000873  0.000000  0.000808
  0.001557  0.002239  0.002857  0.003412  0.003902  0.004328  0.004688  0.004983
  0.005217  0.005393  0.005517  0.005591  0.005622  0.005611  0.005565  0.005485
  0.005375  0.005239  0.005080  0.004900  0.004701  0.004488  0.004262  0.004026
  0.003782  0.003533  0.002649  0.002528  0.002398  0.002257  0.002105  0.001941
  0.001764  0.001573  0.001366  0.001144  0.000903  0.000643  0.000363  0.000060
 -0.000267 -0.000619 -0.001000 -0.001411 -0.001855 -0.002334 -0.002851
  1.000000
  0.000000  0.000000  0.000000  0.000000  0.000000  0.000000  0.000000  0.000000
  0.000000  0.000000  0.000000  0.000000  0.000000  0.000000  0.000000  0.000000
  0.000000  0.000000  0.000000  0.000000  0.000000  0.001685  0.002270  0.002632
  0.002877  0.003051  0.003177  0.003283  0.003391  0.003504  0.003621  0.003743
  0.003870  0.004002  0.004137  0.004278  0.004423  0.004572  0.004724  0.004880
  0.005040  0.005204  0.005370  0.005540  0.005712  0.005886  0.006062  0.006239
  0.006417  0.006596  0.006776  0.006954  0.007129  0.007296  0.007452  0.007593
  0.007715  0.007814  0.007889  0.007941  0.007968  0.007972  0.007952  0.007909
  0.007846  0.007758  0.007644  0.007507  0.007346  0.007164  0.006961  0.006740
  0.006504  0.006254  0.005993  0.005722  0.005443  0.005157  0.004865  0.004569
  0.004269  0.003966  0.003665  0.003361  0.003058  0.002758  0.002461  0.002169
  0.001881  0.001600  0.000000  0.000000  0.000000  0.000000  0.000000  0.000000
  0.000000  0.000000  0.000000  0.000000  0.000000  0.000000  0.000000  0.000000
  0.000000  0.000000  0.000000  0.000000  0.000000  0.000000  0.000000
  1.000000  0.000000
  0.385169  0.385169  0.385169  0.385169  0.385169  0.385169  0.385169  0.385169
  0.385169  0.385169  0.385169  0.385169  0.385169  0.385169  0.385169  0.385169
  0.385169  0.385169  0.385169  0.385169  0.385169  0.385169  0.385169  0.385169
  0.385169  0.385169  0.385169  0.385169  0.385169  0.385169  0.385169  0.385169
  0.385169  0.385169  0.385169  0.385169  0.385169  0.385169  0.385169  0.385169
  0.385169  0.385169  0.385169  0.385169  0.385169  0.385169  0.385169  0.385169
  0.385169  0.385169  0.385169  0.385169  0.385169  0.385169  0.385169  0.385169
  0.385169  0.385169  0.385169  0.385169  0.385169  0.385169  0.385169  0.385169
  0.385169  0.385169  0.385169  0.385169  0.385169  0.385169  0.385169  0.385169
  0.385169  0.385169  0.385169  0.385169  0.385169  0.385169  0.385169  0.385169
  0.385169  0.385169  0.385169  0.385169  0.385169  0.385169  0.385169  0.385169
  0.385169  0.385169  0.385169  0.385169  0.385169  0.385169  0.385169  0.385169
  0.385169  0.385169  0.385169  0.385169  0.385169  0.385169  0.385169  0.385169
  0.385169  0.385169  0.385169  0.385169  0.385169  0.385169  0.385169
 ***************************************************************
  ROW NUMBER           2  SECTION NUMBER            3
           0           0           0  IF_DESIGN etc 
   1.00000   0.00000    0
  0.165850  0.169525  0.172820  0.175776  0.178426  0.180803  0.182934  0.184846
  0.186559  0.188095  0.189473  0.190708  0.191816  0.192808  0.193699  0.194497
  0.195212  0.195854  0.196429  0.196945  0.197407  0.197869  0.198352  0.198857
  0.199388  0.199945  0.200531  0.201148  0.201797  0.202481  0.203202  0.203960
  0.204760  0.205601  0.206487  0.207418  0.208395  0.209420  0.210497  0.211626
  0.212812  0.214059  0.215368  0.216742  0.218187  0.219707  0.221308  0.222996
  0.224778  0.226675  0.228716  0.230901  0.233230  0.235696  0.238291  0.241000
  0.243780  0.246586  0.249403  0.252219  0.255025  0.257814  0.260581  0.263346
  0.266121  0.268905  0.271692  0.274479  0.277258  0.280023  0.282748  0.285419
  0.288027  0.290568  0.293036  0.295428  0.297744  0.299991  0.302171  0.304285
  0.306332  0.308313  0.310228  0.312076  0.313857  0.315572  0.317221  0.318803
  0.320318  0.321767  0.323149  0.324536  0.326032  0.327648  0.329392  0.331275
  0.333308  0.335503  0.337873  0.340432  0.343194  0.346176  0.349396  0.352872
  0.356625  0.360678  0.365052  0.369776  0.374875  0.380380  0.386324
  1.000000  0.000000
 -0.054101 -0.051473 -0.049118 -0.047009 -0.045120 -0.043427 -0.041910 -0.040551
 -0.039333 -0.038241 -0.037262 -0.036384 -0.035598 -0.034893 -0.034261 -0.033694
 -0.033186 -0.032731 -0.032323 -0.031957 -0.031629 -0.030546 -0.030015 -0.029570
 -0.029150 -0.028721 -0.028273 -0.027807 -0.027321 -0.026814 -0.026287 -0.025738
 -0.025168 -0.024576 -0.023962 -0.023326 -0.022668 -0.021990 -0.021291 -0.020570
 -0.019827 -0.019063 -0.018276 -0.017469 -0.016640 -0.015789 -0.014917 -0.014021
 -0.013104 -0.012157 -0.011172 -0.010155 -0.009115 -0.008059 -0.007001 -0.005953
 -0.004937 -0.003970 -0.003058 -0.002204 -0.001407 -0.000674  0.000000  0.000620
  0.001189  0.001706  0.002171  0.002584  0.002943  0.003250  0.003503  0.003704
  0.003856  0.003962  0.004025  0.004049  0.004038  0.003995  0.003923  0.003826
  0.003704  0.003563  0.003403  0.003227  0.003037  0.002835  0.002625  0.002408
  0.002185  0.001959  0.001111  0.001014  0.000909  0.000796  0.000675  0.000543
  0.000401  0.000248  0.000083 -0.000096 -0.000289 -0.000496 -0.000721 -0.000963
 -0.001225 -0.001507 -0.001812 -0.002140 -0.002495 -0.002879 -0.003292
  1.000000
  0.000000  0.000000  0.000000  0.000000  0.000000  0.000000  0.000000  0.000000
  0.000000  0.000000  0.000000  0.000000  0.000000  0.000000  0.000000  0.000000
  0.000000  0.000000  0.000000  0.000000  0.000000  0.001679  0.002256  0.002612
  0.002848  0.003013  0.003131  0.003233  0.003340  0.003452  0.003567  0.003688
  0.003812  0.003941  0.004075  0.004213  0.004355  0.004501  0.004651  0.004804
  0.004962  0.005123  0.005287  0.005453  0.005622  0.005794  0.005967  0.006141
  0.006316  0.006492  0.006669  0.006845  0.007016  0.007181  0.007334  0.007473
  0.007593  0.007690  0.007765  0.007815  0.007845  0.007850  0.007831  0.007788
  0.007723  0.007634  0.007522  0.007387  0.007229  0.007049  0.006850  0.006633
  0.006401  0.006155  0.005898  0.005631  0.005357  0.005076  0.004789  0.004497
  0.004201  0.003905  0.003607  0.003308  0.003010  0.002714  0.002422  0.002134
  0.001852  0.001575  0.000000  0.000000  0.000000  0.000000  0.000000  0.000000
  0.000000  0.000000  0.000000  0.000000  0.000000  0.000000  0.000000  0.000000
  0.000000  0.000000  0.000000  0.000000  0.000000  0.000000  0.000000
  1.000000  0.000000
  0.559383  0.559128  0.558914  0.558733  0.558583  0.558459  0.558354  0.558263
  0.558185  0.558118  0.558059  0.558008  0.557962  0.557923  0.557888  0.557857
  0.557830  0.557805  0.557784  0.557765  0.557747  0.557719  0.557688  0.557656
  0.557622  0.557586  0.557547  0.557505  0.557461  0.557414  0.557364  0.557310
  0.557252  0.557190  0.557124  0.557053  0.556977  0.556897  0.556811  0.556719
  0.556620  0.556515  0.556402  0.556281  0.556152  0.556014  0.555865  0.555706
  0.555534  0.555348  0.555144  0.554921  0.554680  0.554419  0.554140  0.553843
  0.553535  0.553219  0.552898  0.552573  0.552247  0.551921  0.551595  0.551268
  0.550939  0.550609  0.550278  0.549949  0.549621  0.549296  0.548978  0.548669
  0.548370  0.548081  0.547804  0.547539  0.547285  0.547043  0.546811  0.546590
  0.546379  0.546178  0.545988  0.545808  0.545637  0.545476  0.545324  0.545181
  0.545046  0.544921  0.544803  0.544736  0.544665  0.544589  0.544510  0.544426
  0.544339  0.544247  0.544152  0.544053  0.543951  0.543845  0.543738  0.543628
  0.543517  0.543406  0.543296  0.543189  0.543085  0.542987  0.542896
  STARTING INLET BOUNDARY CONDITION DATA .
  NUMBER OF POINTS FOR INLET BOUNDARY CONDITIONS 
        30
  SPACING OF INLET BOUNDARY CONDITION POINTS 
  1.000000  1.250000  1.562500  1.953125  2.441406  3.051758  3.814697  4.768372
  5.960464  7.450581  9.313226 11.641532 14.551915 18.189894 20.000000 18.189894
 14.551915 11.641532  9.313226  7.450581  5.960464  4.768372  3.814697  3.051758
  2.441406  1.953125  1.562500  1.250000  1.000000
   INLET STAGNATION PRESSURES 
   39600.0   39600.0   39600.0   39600.0   39600.0   39600.0   39600.0   39600.0
   39600.0   39600.0   39600.0   39600.0   39600.0   39600.0   39600.0   39600.0
   39600.0   39600.0   39600.0   39600.0   39600.0   39600.0   39600.0   39600.0
   39600.0   39600.0   39600.0   39600.0   39600.0   39600.0
   INLET STAGNATION TEMPERATURES 
  250.4170  250.4170  250.4170  250.4170  250.4170  250.4170  250.4170  250.4170
  250.4170  250.4170  250.4170  250.4170  250.4170  250.4170  250.4170  250.4170
  250.4170  250.4170  250.4170  250.4170  250.4170  250.4170  250.4170  250.4170
  250.4170  250.4170  250.4170  250.4170  250.4170  250.4170
   INLET ABSOLUTE TANGENTIAL VELOCITY 
    0.0000    0.0000    0.0000    0.0000    0.0000    0.0000    0.0000    0.0000
    0.0000    0.0000    0.0000    0.0000    0.0000    0.0000    0.0000    0.0000
    0.0000    0.0000    0.0000    0.0000    0.0000    0.0000    0.0000    0.0000
    0.0000    0.0000    0.0000    0.0000    0.0000    0.0000
   INLET MERIDIONAL VELOCITY 
  179.7023  179.7023  179.7023  179.7023  179.7023  179.7023  179.7023  179.7023
  179.7023  179.7023  179.7023  179.7023  179.7023  179.7023  179.7023  179.7023
  179.7023  179.7023  179.7023  179.7023  179.7023  179.7023  179.7023  179.7023
  179.7023  179.7023  179.7023  179.7023  179.7023  179.7023
   INLET MERIDIONAL YAW ANGLE  
    0.0000    0.0000    0.0000    0.0000    0.0000    0.0000    0.0000    0.0000
    0.0000    0.0000    0.0000    0.0000    0.0000    0.0000    0.0000    0.0000
    0.0000    0.0000    0.0000    0.0000    0.0000    0.0000    0.0000    0.0000
    0.0000    0.0000    0.0000    0.0000    0.0000    0.0000
   INLET PITCH ANGLE 
    0.3261    0.3227    0.3185    0.3132    0.3067    0.2985    0.2882    0.2754
    0.2593    0.2393    0.2142    0.1829    0.1438    0.0948    0.0336   -0.0336
   -0.0948   -0.1437   -0.1829   -0.2142   -0.2393   -0.2593   -0.2754   -0.2882
   -0.2985   -0.3067   -0.3132   -0.3185   -0.3227   -0.3261
   PDOWN_HUB   PDOWN_TIP 
   46753.6   46753.6
 MIXING LENGTH LIMITS ON ALL BLADE ROWS
  0.050000  0.050000  0.050000  0.050000  0.050000  0.030000
  0.050000  0.050000  0.050000  0.050000  0.050000  0.030000
  FACTOR TO INCREASE THE TURBULENT VISCOSITY OVER THE FIRST NMIXUP STEPS 
   2.00000 1000
